32 8192
9.344201432999398
9.587379442000383
9.691868464999061
9.047391609999977
9.542556623000564
9.121588915999382
9.16846914999951
9.834074304999376
9.178516050998951
9.427477272000033
9.728802489998998
10.102315013000407
9.084682586999406
9.211499897000976
9.283879237000292
9.897921257001144
9.543679376
9.53161559900036
9.37951274199986
9.353673468000125
9.161246507001124
9.395794662999833
9.269944134999605
8.782763692001026
9.49601607799923
8.877120155999364
9.518046515999231
9.464924042000348
9.084128113001498
9.65489447499931
9.089430739999443
9.48721108800055
9.357941184000083
8.784559091998744
9.156882399998722
9.664564692000567
9.515545239999483
9.175848601000325
9.514286210000137
9.298423557000206
9.306618358999913
9.296983608001028
9.41610511700128
9.252553809999881
9.267344214998957
9.180772818999685
9.510992559999067
9.683901299998979
9.60875827199925
9.675076927000191
9.586232712999845
8.918691404000128
9.286192438999933
8.704935166000723
9.11906236499999
9.741428346000248
9.209693034999873
9.199687527998321
8.91050901500057
9.346411092999915
9.307823004999591
9.378698483000335
8.974821366999095
8.773289888998988
9.050798929998564
9.71834694899917
9.10432052899887
9.505857346999619
9.116331465998883
9.27898228900085
9.035223414000939
9.396440745000291
9.493044181999721
9.325682294998842
9.127593437000542
9.604952423000213
8.897574685999643
9.05977430799976
9.656403793998834
9.693415103998632
9.199280684000769
8.897696134999933
9.142634746000113
8.97700223799984
9.022480820000055
9.212513169000886
8.932763728998907
8.7809235120003
9.272141667999676
9.485626277000847
10.022309531001156
9.02022660900002
9.183555337000143
9.120756119000362
9.57581742199909
9.31317879099879
9.224151716000051
9.118183059999865
9.378553099999408
8.980279979001352
