8 2048
7.155420636001509
6.700648138008546
6.6151998179993825
6.946846762002679
6.699494342014077
6.739859861001605
6.914527613000246
6.52284761199553
6.91428002298926
6.63642492100189
6.526512604992604
7.329041609002161
7.785246323997853
7.293075770998257
6.818453762010904
6.848221537991776
6.9368462359998375
6.601718930003699
6.724978562007891
6.999348035998992
7.088470244998462
7.2340225629886845
7.041261314996518
6.6158717299986165
7.083546965004643
7.131573493999895
7.085638389995438
6.9147219250007765
7.213164904998848
7.05384220299311
6.960251814001822
6.809092708004755
7.135179990000324
6.6428592419979395
6.940015795000363
6.7083697079942795
6.690700892009772
6.86648274899926
7.203695100994082
7.244817625003634
6.838239146993146
6.685232760006329
6.717043183001806
6.601071116005187
6.8170403449912556
6.80763608700363
6.774345694007934
6.772818629993708
6.3875220459885895
6.992559510006686
6.952181867003674
6.614322437992087
6.571098002998042
6.657357731004595
6.703777242000797
6.896459090989083
6.529832826010534
6.811574678009492
6.762342878995696
6.997843885998009
6.849257298003067
7.178256087005138
6.933102427006816
6.760439670004416
6.419289894009125
6.829453256999841
7.644209374993807
8.317996221012436
8.671576951004681
8.055652819995885
9.329785075009568
8.935779156003264
7.9621722220035736
8.572222807997605
8.744611747999443
8.495442158004153
9.329955969995353
9.3674138100032
8.36913205399469
8.950444945992786
7.9799903180100955
7.874240404999
9.462242718000198
8.660073191000265
8.828944969005533
8.321495292009786
7.997923418995924
8.822739301991533
8.934199357987382
8.580516900998191
7.302554212001269
7.313725036990945
8.503623864002293
8.933043530996656
9.097274963991367
8.136117558999103
8.21001352800522
8.162320921008359
8.807226062999689
8.948410038996371
