4 8192
57.134032268993906
57.51374895698973
54.839780016001896
56.423474572002306
53.17902511400462
55.968112919988926
51.8020870390028
50.8934616070037
58.55505386699224
56.15206211199984
50.11833970999578
50.38385326799471
55.86580732099537
56.26305440699798
53.511536817997694
53.15022741899884
54.23600990799605
57.4270905739977
57.15304611300235
54.45548443000007
54.12076000501111
51.9985621359956
54.51837541599525
55.39467062999029
55.4943136429938
52.99542549099715
53.03002771199681
54.98323594800604
55.85088947099575
58.44663984500221
55.80901728400204
57.38159208599245
58.079253308009356
54.65323685799376
55.26654403700377
80.02497520500037
54.37220404400432
52.02345457099727
55.08266492599796
60.023430214001564
58.32981171300344
52.81730111500656
50.13148134300718
54.95351649899385
56.56559603099595
59.016313112995704
55.61349915100436
58.24886318700737
59.29748506000033
54.57489015799365
57.4102957030118
58.55272756199702
58.92005535498902
57.656374187004985
56.55039553499955
56.344276674994035
53.1860133500013
56.61872949800454
55.86413279900444
58.035811124005704
55.29035404100432
55.063049600008526
53.621377058996586
54.221870219000266
55.13106816499203
55.06498194098822
54.959379353997065
56.57977492798818
56.71206413699838
54.74631098599639
52.49917411500064
52.07645144300477
53.81634992299951
57.35611932098982
54.493432721996214
53.30121523300477
52.95827812900825
55.80143501299608
54.48674237400701
51.573089419005555
53.37323450500844
56.155698987000505
53.34307728300337
56.738131769991014
55.02526192899677
57.43771660400671
52.64928485000564
56.042854008002905
55.03194018000795
50.20920043699152
55.76805254899955
52.53045999100141
51.86605122499168
54.4247115879989
65.98030780699628
62.062742204987444
56.67296718301077
51.748249836004106
56.86097706599685
55.522185485999216
