32 512
12.085424463264644
12.648568644188344
12.229977079667151
11.907970819622278
11.41400765068829
12.296954977326095
12.851911393925548
12.337460909970105
12.446516102179885
12.254203219898045
12.550050697289407
12.079816121608019
11.745558505877852
11.616291776299477
11.84161358140409
11.960369603708386
12.376440342515707
12.554575025103986
12.4587213518098
12.134509783238173
12.030397064052522
12.77908505499363
12.277981775812805
11.939507476985455
12.473406359553337
12.349128695204854
11.352413247339427
11.660620707087219
12.217195132747293
12.889188599772751
11.596206586807966
12.753144407644868
11.578938107006252
12.186240223236382
11.61072266381234
11.828188299201429
11.822870636358857
11.567355041392148
11.448848469182849
12.330330002121627
12.597188675776124
12.379754859022796
11.88497843965888
12.277201509103179
11.401518663391471
12.30288225132972
12.260091403499246
11.721951849758625
11.460906057618558
12.261044186539948
12.111713452264667
12.206769994460046
11.857863635756075
11.800722680985928
11.174879520200193
11.402247227728367
11.74379822704941
12.238193664699793
12.087041825056076
12.165101458318532
12.349595633335412
11.8879519905895
11.30970577802509
11.301242399029434
11.963919439353049
11.108079835772514
11.723295423202217
12.028129353187978
11.370195753872395
12.161959387362003
11.760995135642588
12.05971864797175
11.958189593628049
11.593650810420513
11.630105906166136
11.817454629577696
11.651950188912451
11.822419534437358
11.87818924151361
12.298271880485117
11.521130026318133
12.64487042836845
11.938016468659043
11.547608658671379
11.119221199303865
11.574427712708712
12.691449331119657
11.319551780819893
11.546061348170042
11.342821184545755
11.235891117714345
12.382064034231007
12.23661901243031
11.617482549510896
11.980608139187098
11.80728657823056
11.52912952657789
11.489765808917582
11.775201204232872
11.660944840870798
