1 64
100.20676479581743
99.69018570613116
100.22877115011215
100.14737461600453
100.5166656235233
100.29337982740253
100.16311530768871
100.27828982006758
99.78357060067356
100.22222679201514
100.20949535723776
100.40897205471992
100.0769157372415
100.13994525372982
100.4591945623979
100.25633633881807
99.91197383217514
100.17171347420663
100.02614554204047
100.10563264135271
99.87315231282264
99.81274622492492
99.97282273788005
99.75389095954597
98.7298626312986
100.51361309178174
100.10398692917079
100.23878585360944
100.08357547502965
100.30055301263928
99.86666799616069
100.26807355694473
100.09463421814144
100.31558770127594
100.40456533804536
100.02367483079433
100.49394017271698
100.55090053472668
100.14969283435494
100.65318200364709
99.9954113131389
100.03857137169689
100.04201537836343
100.13971709739417
100.28531445097178
100.27629469055682
100.24451186228544
100.10365723352879
100.15876575279981
100.55253026355058
100.09738576970994
99.89438031427562
100.07464899867773
100.39312782604247
100.64422583207488
103.16482959222049
101.36352793127298
99.562010823749
98.71489123813808
100.26554916985333
100.41614790819585
100.23444385547191
99.83837339188904
99.72468922939152
99.70703104697168
100.16015100758523
99.8446357594803
100.2845501890406
100.05257533490658
100.34943179693073
100.13200108613819
100.10372496396303
100.39842862822115
100.62252779584378
100.04202913679183
100.13350185286254
100.44639782141894
99.90983947366476
100.27152223791927
100.77217847760767
100.34156943764538
100.2813165821135
100.25555306766182
100.55819253716618
100.36397084407508
100.08974670711905
100.53365991916507
100.08830966800451
99.83387832529843
100.38508401624858
100.0394807420671
102.2339425906539
98.88192082569003
99.95663387607783
100.13024142384529
100.44375588465482
99.92757559008896
100.49805356282741
101.2178237112239
101.15497686062008
