2 64
52.71951224561781
52.632551793940365
52.58067815378308
52.50552487000823
52.6278135208413
52.618248203769326
52.34104956872761
52.68378960900009
52.02164830546826
51.799614931456745
52.595736839808524
52.6072295429185
52.71404675487429
52.25435701478273
52.353979165665805
52.139579554088414
51.842846230603755
52.29237417597324
52.549730552360415
52.75271918810904
52.01291530299932
52.51060917135328
52.27296467870474
52.62032282166183
52.78052842710167
52.31227964628488
52.27305462490767
52.34837154857814
52.27411290444434
52.50629745051265
52.6254419060424
52.27358199097216
52.61704355664551
52.132333397865295
52.7648342596367
52.800465788692236
52.670347212813795
52.067040637135506
52.057340163737535
51.87289165146649
74.52504884917289
52.25283731240779
52.40697953198105
52.308368309400976
52.55133945681155
52.494921712204814
52.09066241141409
52.30767156649381
51.944513788446784
52.44355032965541
52.39246217068285
52.38938947301358
52.338015659712255
52.27753864694387
52.24757724348456
52.78958058450371
52.1155754160136
52.22955780476332
52.2945334687829
52.41126782074571
52.199235225096345
52.60936914384365
52.38667625654489
52.33839433360845
52.55967765953392
52.14851331152022
52.24508647620678
52.33283222280443
52.51214445475489
52.306939733214676
52.22808877751231
52.327583162114024
52.15492599084973
52.424700543284416
52.14854386076331
51.96048566047102
51.87755751889199
52.499743091873825
52.19101092405617
52.15764672216028
52.29468636587262
52.41458477731794
52.34804912097752
52.326688318513334
52.43635777477175
52.69368085823953
52.27043770626187
52.329853287898004
52.863474369980395
53.06991260685027
52.80211730580777
52.66680789925158
52.55650418903679
52.322595725767314
52.59837849251926
52.453861760906875
52.79363594390452
52.59701053518802
52.456546421162784
52.4532447848469
