4 1024
15.330581667003571
14.890199115005089
15.04067750700051
14.49435244500637
14.729606320994208
14.769863826004439
14.907498469008715
14.80113733401231
15.31850111798849
14.780238263003412
14.750824889997602
14.830773619003594
14.178799030996743
14.693060684003285
14.989985022999463
14.844426398005453
15.091738754999824
14.80924560900894
14.615390178994858
14.282466521995957
14.896869959004107
14.838166683999589
14.79457669200201
14.890722641997854
14.501663970993832
15.103466057989863
15.068240761000197
14.818930445006117
15.590972828009399
18.901839146987186
21.060137546999613
18.130656955006998
14.967563439000514
15.182132852001814
14.589791498001432
14.778619935997995
14.639074153004913
15.063706512009958
14.732423804991413
14.550821255994379
14.880661382994731
14.13940594199812
14.831222666995018
15.006181939010276
14.777211578009883
14.704916832008166
15.154498122996301
15.147164278998389
14.618612774007488
14.676429768995149
14.887212079993333
15.065137150988448
14.893990810000105
15.006395988995791
15.58375320599589
15.0653522569919
14.382489513998735
14.229114355010097
14.784005674009677
14.88760203300626
15.357516623000265
14.870340466004563
14.880639661001624
14.688324788003229
14.70592826900247
16.010412596995593
14.895696974999737
14.921294895000756
15.433176103993901
14.974432957998943
15.694885347009404
15.969952483996167
16.088950582998223
15.091632285999367
14.842211433002376
14.54781858799106
15.326003230002243
14.77877061298932
15.415705995008466
14.502168642997276
14.538599731997238
15.508618239997304
14.834678395010997
14.97319461099687
16.177378726992174
15.249914019994321
15.15167019701039
14.950703842987423
15.19272395700682
14.83369885700813
15.201400154997827
15.27179246400192
15.002390651003225
14.623041345999809
14.757780125000863
14.458953187000589
15.160083899012534
15.076370874012355
15.395131220997428
14.552752371004317
