8 64
14.400144336002995
13.697937219010782
13.676238015003037
13.915709238994168
13.128874228990753
13.182036787999095
13.256259906003834
14.521304797992343
13.809659047998139
13.620317510009045
13.44258974600234
13.173383191009634
13.449632776013459
13.084832152002491
13.674307177003357
13.712658531003399
13.474430686008418
13.489175597002031
14.181647639008588
13.974552917003166
12.968875452002976
13.610657029988943
13.879774507004186
13.229381937999278
13.307689345994731
13.189092145999894
13.239952145988354
13.571357311011525
13.585326082989923
13.078672250994714
13.393764435008052
13.213870470994152
13.212259424006334
13.072862265995354
13.360195325003588
13.626884779005195
13.535411114993622
13.962077646996477
13.469884553996962
13.110907419992145
13.35134763699898
13.239555760999792
12.962543677000212
14.368527131009614
13.86769380599435
13.494702903990401
13.576557570995647
13.681515973003116
13.05621174100088
13.09404834000452
13.090445865993388
13.547763747003046
13.720198284994694
13.637578545996803
13.58490945599624
13.482125818001805
12.89277981199848
13.006318334999378
13.54534291899472
13.447258291009348
13.287834770002519
13.333425050004735
13.925179949001176
13.222141374004423
13.244867640009033
13.309941843996057
13.677067390002776
13.376749122006004
13.939029582994408
13.13087342500512
13.226533640001435
13.519775396009209
13.272241586993914
13.094065887999022
13.204572535993066
13.434010949000367
13.271146205006517
13.074601929998607
17.55195730899868
13.2683046059974
13.157710273007979
13.565302030998282
13.250007905997336
12.951193332992261
12.943958253992605
13.244806909002364
13.42741328199918
13.27036939500249
14.027338875996065
13.122313437997946
13.2381617029896
13.142974417001824
13.050141369007179
13.242625151004177
13.099859952009865
13.042386387998704
13.639605463991757
13.993525733996648
13.237730632987223
14.809895335987676
