16 64
7.4922884980042
7.747261401003925
7.562412868996034
7.509277061995817
7.231037814002775
9.682453235000139
7.439165306997893
7.5269862429995555
7.69054334199609
7.658847886996227
7.624399287997221
7.549077967996709
7.363218802005576
7.754704803002824
7.991516657995817
8.098890216002474
7.740103567994083
7.624562755001534
7.984820693003712
7.630447458999697
8.052689943993755
7.744706244004192
7.716141880002397
8.09664719200373
7.498132184999122
7.352906938998785
7.508630860997073
7.851730346003023
7.978260272000625
7.581465005001519
7.6177566749975085
7.803790910998941
7.5118464100014535
7.651405803997477
7.726237603004847
7.685721653993824
7.862196249996487
7.311189121995994
7.708859673999541
7.96081815600337
7.519393909999053
8.13975027500419
7.858061817998532
7.531453523995879
7.525297853004304
7.552844762998575
7.884032115995069
7.586074068000016
7.369276216006256
7.572650299000088
7.739376978999644
7.6473264939995715
7.594336900998314
7.774993723003718
7.841391038004076
7.519229648998589
7.959744276005949
7.7765756610024255
7.518136822996894
7.325387029006379
7.931571592998807
7.8500695420007105
7.971834281997872
7.8619139440052095
7.945516323001357
7.822387084001093
7.588272724002309
7.748009948998515
7.3685313899986795
7.495808338004281
7.619801783999719
7.789276142997551
7.571886051002366
7.604641633006395
7.3016562330012675
7.5095750729960855
7.499549983993347
7.891719822997402
8.008632333003334
7.449702249999973
7.393289918996743
7.657810083001095
7.786529876000714
7.922581626000465
8.16065176599659
7.719554859002528
7.53611043899582
7.689909634005744
7.5255951110011665
7.6327113839943195
7.539341620002233
7.8686766479950165
7.864237551002589
7.871813705001841
7.6232176319972496
7.834706754998479
7.6102067139945575
7.991219297000498
7.667878537002252
7.635340726999857
