32 256
10.303856618702412
9.803180291317403
9.39901589602232
9.657773899845779
10.045872549526393
9.954225946217775
9.872623413801193
9.854869954288006
9.9297229424119
9.666993925347924
10.136501929722726
9.582309542223811
9.294512339867651
9.369913023896515
9.702231450937688
9.68907796870917
9.456994247622788
10.198671985417604
10.051646988838911
10.513487098738551
9.880154782906175
9.4669696893543
9.736241235397756
9.152535994537175
9.771087357774377
9.928356803953648
10.118941102176905
9.922774945385754
9.815330162644386
9.528985414654016
9.672506294213235
9.344104148447514
9.560793030075729
9.56715623382479
9.634853640571237
9.725037886761129
9.74149674642831
9.537615836597979
9.51687421835959
9.51251791138202
9.238199247047305
9.459477863274515
9.636519556865096
9.49373327754438
9.808899411931634
9.912282163277268
9.720953076146543
9.653419811278582
9.732902725227177
9.739307897165418
9.498014288023114
9.736506573855877
9.426265571266413
9.463534387759864
9.54931441321969
9.43633512314409
9.313320884481072
9.543786780908704
9.80067175719887
9.815525940619409
9.187204129062593
9.616313422098756
9.77977900300175
9.62514660321176
9.497247493825853
9.64813755825162
9.341948304325342
9.671185582876205
9.558255696669221
9.547888425178826
9.257263969630003
9.539584649726748
9.545540667138994
9.67602761182934
9.349441763013601
9.50506996549666
9.223188143223524
9.406058558262885
9.715706204995513
9.214187844656408
9.17777326516807
9.285319758579135
9.355969727039337
9.490779847837985
9.245221971534193
9.423912174999714
9.25238507706672
9.436286512762308
9.91811923775822
9.482383613474667
9.176011893898249
9.318046477623284
9.712100171484053
9.696795079857111
9.188664019107819
9.326865067705512
9.35280879586935
9.97849655803293
9.387574858032167
9.228229173459113
