8 128
20.27466741501121
20.163361663988326
17.17435314200702
20.30932434499846
17.623496722007985
20.55235200599418
19.159149450992118
19.54531803399732
19.96455574700667
20.32635732999188
18.799330406007357
19.36857723700814
20.016939669993008
19.894875786994817
18.369687009006157
17.320647725995514
20.060498393999296
18.831419715992524
18.80702544900123
19.710127649988863
18.509981619004975
17.66686588799348
18.606104655002127
17.131309074000455
17.341965028012055
18.72045475699997
20.084679609004525
19.535924662006437
20.447214069004986
17.289363250005408
19.166134426995995
19.353642702000798
22.145833970993408
22.365714337007375
18.732542927013128
18.98299759400834
19.165156985996873
19.53361084300559
17.622676165003213
19.03359065600671
19.109509734000312
17.36888375801209
18.500163853997947
17.6979735490022
19.92084110098949
18.73482023300312
17.833887928005424
19.958729452991975
20.136285299013252
25.340150771997287
28.851084534006077
24.671870275007677
23.34647151599347
23.20378839400655
18.95519023700035
19.08108577299572
20.58786613099801
19.50467018999916
19.02552134099824
18.297978233007598
19.628786537010456
20.175674837999395
20.079346070997417
19.543984964009724
17.26139390100434
18.537181730003795
18.35884209899814
19.64277896999556
18.675471936992835
20.479083619997255
18.584835195011692
20.257160445005866
23.60326938900107
21.317821947988705
19.77636779900058
19.6531930820056
17.788698540010955
21.318741352006327
19.315245550998952
18.374088259006385
18.612555126994266
18.61373477600864
21.17047226599243
19.97725982699194
18.319724113986013
19.713529657994513
18.786524588009343
18.97407932499482
19.44160722300876
19.23786033100623
19.619333249997
17.441832651005825
19.64943397999741
21.020741920001456
24.21396389999427
19.56003595099901
19.45673678899766
21.242419595990214
18.003650720987935
18.44034890300827
