16 2048
6.208135612003389
6.314103479999176
6.183747177994519
6.102117415997782
6.0785268929976155
6.116990762995556
5.914936366003531
6.273182661003375
5.990309766995779
6.226043815004232
6.292197279995889
6.394183465999959
6.361166434006009
5.9256057550010155
6.144241448004323
6.041088663005212
6.169031958001142
6.689015483003459
6.061749086002237
6.385650839998561
6.26696801300568
6.203194198998972
6.335281701001804
6.188373513003171
5.906576866997057
6.207694202996208
6.469053868997435
6.027786726001068
5.683424033995834
6.130239309000899
6.3430926319997525
6.328340465996007
6.1495162150022225
6.150377251004102
6.288387531996705
5.981218408996938
6.0747484780004015
6.138964330006274
6.123561893000442
6.571720635001839
5.90404372500052
6.051464689000568
6.037093852995895
6.186175465001725
6.262039385997923
5.915994507995492
6.422417910005606
5.999061181006255
6.166940629002056
6.2416978550027125
5.99559022700123
5.799380951000785
5.91898760299955
6.424022120001609
6.392967069994484
6.663980700999673
6.354374161994201
7.301447236000968
6.765432976993907
6.473073850997025
6.930332422001811
7.03709657699801
6.342850351000379
6.018778214995109
6.496025135995296
6.104024238004058
5.6634000899939565
5.91284424100013
5.819450565002626
5.738950970997394
6.129835612002353
6.094596578004712
6.017440648000047
6.136197207997611
6.262825001998863
6.304227220003668
6.1906612219972885
7.4767330910035525
7.203727190004429
7.011101655996754
7.155018322002434
7.060681856004521
6.826462807999633
6.921141029000864
7.668611727000098
7.094645801000297
7.633574512998166
6.494996342997183
7.319972106000932
7.014442510000663
6.361473056997056
7.124668083997676
6.97080602600181
7.115155231003882
7.131288573000347
7.503514602001815
7.218587447001482
7.79797414100176
7.453990516994963
7.205600091001543
