4 2048
10.484127653995529
10.314631362009095
10.465852972993162
10.271030878007878
10.622640292000142
10.073623126998427
10.789163101988379
10.53070796499378
10.363923947996227
10.430399374003173
10.589536179002607
10.602235612997902
10.281682722998085
10.129349060007371
9.881785681005567
10.23798049299512
10.022030152002117
10.507257004006533
18.556564730999526
17.519661943995743
10.003175147998263
10.59185162599897
10.283196628006408
10.020683283000835
9.989145970001118
10.024558656994486
10.27908901500632
10.294637351005804
10.164561559999129
10.408034420994227
10.675025409000227
10.543506923000677
9.944457499004784
10.392332664996502
10.28643035699497
10.377938149002148
10.570031458002632
10.449511967002763
10.287405533003039
10.403593895011
10.22698431799654
10.48090398599743
10.024093507003272
10.745380487001967
9.941456393993576
10.869207534997258
10.59733323000546
10.788957133001531
10.164973304999876
10.117055396010983
10.1871073559887
10.28353125799913
10.226838974005659
10.71747703300207
10.472242942996672
10.337066658001277
9.757758336010738
10.380771593001555
10.872213915004977
10.586929037992377
10.261520232001203
10.19772254799318
10.140619039011654
10.222350815005484
10.271647721005138
9.885600370995235
10.313712607006892
10.200420212000608
10.077988174001803
10.606523392998497
10.19428060700011
10.359988172000158
10.51019409300352
10.10104869400675
10.264426915993681
10.194478442994296
10.004865109003731
11.468228275989532
10.095212216998334
10.329128754005069
10.160730999996304
10.219891847998952
10.105492403992685
10.172092107997742
10.151100955990842
10.198845313003403
10.025180419004755
10.020148366995272
10.33991917601088
10.582836456989753
9.981042070998228
10.375675923001836
10.321324848002405
10.53212253699894
10.397531060996698
10.339401598001132
10.563278536006692
10.019603774999268
10.26011087099323
10.672345391998533
