1 1024
23.97602353990078
23.261660444550216
23.492874219082296
23.416260708123446
23.305142792873085
23.08018660917878
23.021683198399842
23.308273633010685
23.127362572588027
23.208640945143998
23.049392082728446
23.40845004748553
23.15942617878318
23.354299630969763
23.17954004369676
23.19657262787223
23.2609806349501
23.451328234747052
23.1636969903484
23.39194803405553
23.18205762282014
23.470923664048314
23.448915597982705
23.43136501312256
23.2717222860083
23.157465126365423
23.091088148765266
23.26076716091484
23.643165942281485
23.531980641186237
23.77663227263838
23.490487306378782
23.24729739688337
23.355243659578264
23.28534397855401
23.631970761343837
23.366822722367942
23.554897581227124
23.156487988308072
23.93537661153823
23.21803875081241
23.597022684291005
23.25390307046473
23.376981413923204
23.319319538772106
23.30870947148651
23.330891103483737
23.71435148268938
23.291360811330378
23.427034955471754
23.193804523907602
25.353856126777828
25.15308766812086
23.125546857714653
23.188920783810318
23.567054387181997
23.262010690756142
23.3394381608814
23.232526100240648
23.453275602310896
23.349405489861965
23.343088446184993
23.238569602370262
23.4916775142774
23.252786098979414
23.69394549820572
23.284276243299246
23.455644101835787
23.469825549982488
23.55479179881513
23.17390742059797
23.694363817572594
23.31791326869279
23.370769477449358
23.197765588760376
23.380313273519278
23.225818554870784
23.439468526281416
23.218538557179272
23.446339320391417
23.290540164336562
23.65047685801983
23.233194839209318
23.38199765328318
23.23938022647053
23.711413104087114
23.626211470924318
23.608888674527407
23.287137084640563
23.473513055592775
23.51157269999385
23.562797658145428
23.31327857915312
23.4988276893273
23.28931031189859
23.914276473224163
23.317026716656983
23.343514471314847
22.880307899788022
23.19425276108086
