1 8192
41.62236057035625
41.053272288292646
41.498821892775595
41.11055763531476
41.216480762697756
41.336884457618
41.266415380872786
41.47414212115109
41.16158332768828
41.36685623973608
41.30168897472322
41.41864366363734
40.9136494603008
41.00632272288203
41.415298496373
40.87717907689512
45.953017028048635
54.09087775275111
46.642270136624575
41.14010904915631
40.94683479797095
40.852667602710426
40.9367172755301
40.89574325270951
41.1837796960026
40.84793537668884
40.935722596012056
40.886554365977645
40.899617531336844
40.9712846679613
40.95518351625651
40.96856787893921
40.90853303484619
40.90089297294617
40.8612798275426
40.93359140586108
40.970541027374566
40.851343873888254
40.87093994952738
40.85603548120707
40.85922206938267
40.88830294087529
41.11284229066223
40.89436398167163
41.00895057152957
41.07297571375966
41.062699100002646
41.09498929977417
41.202543654479086
41.476686962880194
41.107868472114205
41.089971092529595
49.39439157862216
41.11471501272172
41.23117835074663
41.13199759460986
41.62029154691845
41.024406605400145
41.152090216986835
40.9708913192153
41.069321752525866
41.265248148702085
41.145521780475974
41.187619912438095
41.027460185810924
41.00532354414463
47.351953299716115
41.06646320223808
41.23194873519242
41.27902131527662
41.77397702354938
41.17567511741072
41.14168035052717
40.95076731778681
40.929500074125826
41.748826414346695
41.02467505726963
53.056724302470684
40.93683950509876
41.23960286844522
41.15066344290972
41.47850935533643
41.098169317469
41.176930273883045
51.599662728607655
42.16042935755104
41.67125009186566
41.18614032212645
41.08311797585338
40.96834697574377
43.90326378215104
41.01099191978574
40.959684612229466
40.91466329805553
41.18960124626756
41.295763440430164
41.03519283141941
40.8957125833258
43.97476901207119
40.91237067524344
