2 128
74.77368881274015
73.32612603716552
64.84229163173586
74.82469200715423
64.47593984100968
73.80576025974005
73.87201776355505
69.37002665922046
72.63691950123757
80.95150376670063
73.86404863838106
67.07498434651643
74.36622378788888
73.30018805991858
71.32830163184553
72.45350373350084
64.21365091856569
74.03197892010212
72.32270994409919
70.40487238019705
73.1431580753997
73.73814259655774
70.5995322437957
74.42008697427809
69.57239898107946
73.75274978391826
65.23394053149968
69.97169882338494
70.0489909928292
69.40532870031893
73.69118852354586
74.08787048794329
72.35531590878963
70.01653633080423
65.56206067930907
64.78302205167711
66.07710630726069
74.20600295159966
69.32100476138294
74.01125421561301
73.76669191755354
73.95225344784558
75.77039010170847
75.36556766275316
73.70069882553071
64.86490442790091
71.01290727220476
64.6055581048131
73.39660264272243
66.99966963101178
65.44680084846914
74.28688318375498
74.82940075173974
72.84165685717016
74.26349529065192
73.02632796391845
69.73662138916552
66.01614781748503
73.23999371379614
74.85185963008553
63.67042404785752
70.13350087963045
74.09704966563731
68.9067774573341
70.59565955493599
73.94549700245261
73.96232242509723
71.1059285774827
74.30040267389268
63.96685798000544
65.31939161662012
68.8086146293208
64.10024383012205
66.02503142878413
68.18790644221008
67.887267338112
74.29473500419408
64.51411509234458
67.92290103249252
64.58624232932925
66.31356333848089
73.98014080151916
68.86859996337444
64.8178648231551
74.43533939588815
64.91219159029424
69.48357204161584
64.64590860996395
72.21520127635449
70.38210477586836
64.53701361920685
77.54210640583187
72.01157420314848
75.00865674298257
67.27937337569892
67.7743430826813
69.10726229473948
66.00949187483639
64.495705248788
64.62639971263707
