2 1024
20.81299264356494
20.480596153996885
20.072854094207287
20.647433767095208
20.298134978860617
20.57012849021703
20.16247318033129
20.27022298425436
20.289045532234013
20.02106153126806
20.434061587788165
20.360302011482418
20.648631116375327
20.526886752806604
20.383631858043373
20.414904681034386
20.325929769314826
20.28775313682854
20.669463807716966
20.434121383354068
20.36022837460041
20.752931366674602
20.514729448594153
20.346896393224597
20.50469462480396
20.004290342330933
20.493045596405864
20.283332265913486
20.17144749034196
20.023132355883718
20.14802618417889
20.56409810576588
20.43872820492834
20.631890082731843
20.060586918145418
20.46942265983671
20.342565402388573
20.551671103574336
20.403019436635077
20.360468924045563
20.332779860123992
20.56579834036529
20.35409692581743
20.560531449504197
20.15812167711556
20.78376457374543
20.643668823875487
20.03751878067851
20.178501377813518
20.207894939929247
20.45036093238741
20.19377116020769
20.48043859936297
20.416071862913668
20.200545581057668
20.428961724042892
20.49718901515007
20.43063914682716
20.68564112111926
20.542437604628503
20.562976696528494
20.470306103117764
20.403192489407957
20.296047517098486
20.346788913942873
20.333358645439148
20.48453129734844
20.630036130547523
20.693893120624125
20.523885619826615
20.34002184867859
20.49883484840393
20.065511090680957
20.314859070815146
20.324262047186494
20.40358429402113
20.577674978412688
20.430559466592968
20.525153698399663
20.632660349830985
20.740489145740867
21.584904614835978
20.33973061759025
20.464508635923266
20.333616552874446
20.45627381838858
20.704370281659067
20.40904842596501
20.596512580290437
20.816080562770367
20.45357078127563
20.418999634683132
20.43867493979633
20.242261736653745
20.419068466871977
20.580314541235566
20.39424893539399
20.428335702046752
20.409707223065197
20.22785782534629
