16 4096
8.219867707004596
9.284323246996792
8.511074868998548
8.571822896003141
9.235628865993931
8.34946196200326
8.087509256001795
11.374277820003044
11.576718992997485
22.270709590004117
29.624690438999096
17.860671686001297
12.141466320994368
9.137931429002492
8.659004641005595
8.921316207997734
8.653844016000221
8.151283566003258
8.366732230002526
6.800058449996868
7.4802872680011205
8.041606510996644
9.073872713001037
8.567539293995651
9.060253159004787
9.073080673995719
8.839003720997425
9.12954341200384
8.92191068000102
8.113386242999695
8.557652928997413
8.542814512002224
8.33099107399903
8.32247532200563
8.365238646001671
8.421824614997604
8.998295445999247
9.726685127003293
9.150230742998247
9.378989549004473
8.568232302000979
9.298795786999108
9.529015628999332
9.257153905004088
8.887676262995228
7.923787484003697
8.58074989499437
7.7760458269985975
8.65873974999704
8.355118381005013
7.993816499001696
8.43563867299963
8.488896056995145
8.617704324999067
8.985488509999414
8.892685935003101
9.338431187003152
8.628935858003388
9.596535067001241
9.864987124994514
8.663778273999924
10.99016256199684
8.624005124001997
8.632661538998946
11.041472397999314
8.260295388994564
8.070323475003534
6.885255863002385
7.095254771003965
7.306443613000738
7.886128125996038
8.513466065996909
7.967328765000275
6.899084629003482
7.399425916999462
7.284670884000661
7.694791682995856
6.7609433539983
6.18452919000265
6.075455939004314
7.163888449998922
7.063468114996795
6.553962734004017
6.892370793000737
7.572916658995382
6.8597645059999195
7.056648210003914
7.1389567160003935
7.589616834004119
7.087386733997846
8.169570915000804
6.923283639000147
7.311826877004933
7.004372296003567
7.6153166810036055
6.808843461003562
6.978682462002325
8.239988442997856
7.531038435001392
7.992135333995975
