32 1024
7.4150996040552855
6.90146667137742
7.004415546543896
6.255404454655945
6.8601925959810615
6.3208117270842195
7.027203092351556
6.704653746448457
6.720920586027205
6.327833554707468
6.803070028312504
6.322354521602392
6.534454153850675
6.306108295917511
6.239166270010173
6.475685382261872
6.370173308998346
6.552266037091613
6.098832780495286
6.126747198402882
6.680018828250468
6.511226499453187
6.654310383833945
6.15798307582736
6.684407364577055
6.441028827801347
7.003253165632486
6.802304206416011
6.7319848947227
6.892002910375595
6.279580678790808
6.653627305291593
6.170045396313071
6.467533154413104
6.437249019742012
6.035215277224779
7.045059683732688
6.231270999647677
6.813095199875534
6.5487255826592445
6.776383388787508
6.162450007162988
6.25607050396502
6.518902159295976
6.659045674838126
6.850297233089805
6.206568981520832
6.912838080897927
6.339646256528795
6.291203683242202
6.476149923168123
6.4482428496703506
6.836219775490463
6.444852411746979
7.068893804214895
6.683048814535141
6.561435857787728
6.6477957693859935
6.320301378145814
6.548984895460308
6.939495638012886
6.386281578801572
6.296606672927737
6.345999197103083
6.270872705616057
6.581016305834055
6.148474716581404
6.649582582525909
6.320998121984303
6.705297840759158
7.051111484877765
7.874750548042357
6.674972229637206
6.787676100619137
6.592105787247419
6.536237139254808
6.722904969006777
6.794848887249827
6.502760167233646
7.111740034073591
6.170546433888376
6.183857175521553
6.543402520008385
6.297712318599224
7.124546703882515
6.663384947925806
6.379367783665657
6.8223701026290655
6.812829123809934
6.637860010378063
6.142769765108824
6.359641895629466
6.366904534399509
6.766394895501435
7.015367176383734
6.522970725782216
6.448794063180685
6.607072276063263
6.4852784322574735
6.7991829719394445
