32 2048
4.2866814360022545
4.2970483945682645
4.535129570402205
4.46980966348201
9.522090572863817
5.55048150755465
7.528421489521861
5.367879177443683
10.762550054118037
3.8371947668492794
3.7243929523974657
3.9220336908474565
4.226889648474753
3.76342667452991
3.8726329747587442
3.8446440817788243
4.049480854533613
4.197694294154644
4.174606529995799
4.318602729588747
3.8874133098870516
3.9573939563706517
3.878483288921416
3.947366771288216
3.7730236928910017
3.9267775118350983
4.260285812430084
4.004295573569834
3.8122817780822515
3.767263814806938
4.040057606995106
4.61033302359283
3.885328007861972
3.972043718211353
4.100193753838539
4.134962312877178
4.427995429374278
3.9370431043207645
3.909544882364571
3.904459148645401
4.1567173870280385
4.021626458503306
4.296091813594103
4.151945906691253
4.187751822173595
4.204483646899462
3.6794612016528845
4.153114372864366
3.9939018823206425
4.269277489744127
3.821231998503208
3.8840554244816303
3.992639621719718
3.9657065849751234
3.8030929723754525
10.13092225510627
3.947892655618489
4.026415707543492
4.035222118720412
4.009354519657791
4.878592914901674
4.191417098045349
3.865074234083295
3.908298441208899
4.18561799172312
3.873445386067033
4.3699434492737055
3.980104763060808
3.8483351478353143
3.905224956572056
3.8791382052004337
3.819668081589043
3.9406542079523206
3.752523205243051
4.087205788120627
3.788421352393925
3.8642572136595845
3.8729342268779874
3.7648877007886767
3.746332856826484
3.7425462789833546
3.834967117756605
3.8567885980010033
3.9503367291763425
3.857220963574946
4.319668810814619
3.7311340728774667
3.7932600239291787
3.912427544593811
3.9471642076969147
4.010708780027926
3.9723624428734183
4.234913704916835
4.018756166100502
3.977526906877756
3.872081425972283
3.915884558111429
3.8877383582293987
4.137921962887049
4.215453151613474
