16 1024
9.768827769999916
10.943464677999145
10.609277297997323
10.743268852005713
10.515920334000839
10.309463594996487
10.201579501001106
10.559470320004039
10.476651883000159
10.35357256000134
10.011306340995361
10.772368691003066
10.084091968994471
11.290637122998305
10.566195480001625
10.249554850001005
10.689871709000727
10.154152627001167
9.942405727000732
10.38729470200633
15.293315000999428
10.461678478000977
10.812438938002742
10.75279394500103
10.92260270499537
10.946053323998058
10.985127056999772
10.571791065995058
11.12437270800001
11.157576216995949
10.45237894699676
10.60034185800032
10.573022577998927
10.507879526994657
11.021538204004173
10.786423108002055
10.752821514994139
10.742657604998385
10.86655496799358
10.335399283998413
10.303436094000062
10.406686203998106
10.203698541998165
10.881801479001297
10.240222829997947
10.75789630899817
10.213442394000595
11.117086767997534
10.824092580005527
10.760128329005965
10.621421599003952
10.17881853999279
9.939600994999637
13.298407800997666
13.682453146000626
11.208729582998785
10.24479875399993
10.511401683004806
10.845912336997571
9.924998511000013
10.302048498997465
10.843069041002309
10.502607850001368
10.201956764998613
10.4562693189946
10.64282920199912
10.092910483006563
9.765124627003388
10.091444439000043
10.457664654000837
10.201929624003242
10.1983602209948
10.76014266799757
10.775760092001292
11.09939355100505
10.467992988000333
10.35922757699882
10.69991221500095
10.257615390997671
11.15694419999636
11.040488377002475
10.45816089300206
10.45870692700555
10.341290941003535
11.161946407999494
11.129588480005623
10.983858383006009
10.775876646999677
11.085097457005759
10.344183470995631
10.524263241000881
10.279828740000085
10.249221155994746
10.814849415997742
10.611264236998977
10.986185601002944
10.364852270999108
10.149821892002365
10.368775675000506
10.207118304002506
