4 256
48.30596404499374
39.63477230200078
38.535758661004365
38.17763024001033
38.988593532994855
37.60120154100878
39.13653806599905
38.76505309800268
38.520776428005775
38.88199931800773
39.39178734700545
39.124595822999254
38.433845071005635
39.19088998500956
43.104596563993255
43.33801536000101
43.56771718800883
43.61047822798719
43.052704945992446
43.302597328991396
44.26863139499619
43.977376434995676
44.74192180999671
43.69708860499668
43.45892289899348
43.79921913200815
43.52861723299429
42.928809028991964
43.25410958500288
43.47465459299565
42.647525437991135
45.3162075690052
44.25401741200767
43.07516728299379
43.87465422600508
43.520907660000375
43.75509839999722
43.0900110329967
43.59066916300799
43.24541994299216
42.82727504200011
43.392880100000184
42.588314150008955
42.89970743400045
43.197065961998305
43.51499762799358
43.55446275199938
42.89305251999758
43.6474218830117
42.930584514004295
43.25873227100237
43.32020415800798
43.0016912130086
43.0361592219997
42.72737630800111
43.148207933001686
43.5035415339953
44.26743843800796
43.343042302003596
42.98873133701272
43.382144082002924
43.383893165999325
43.16967915200803
44.48812209800235
43.11581436000415
43.77366931599681
43.190116511003
42.970223577998695
43.13447750399064
43.40926237399981
43.24587020900799
43.22723810300522
43.429524254010175
43.674211391000426
43.336565384001005
46.65942418099439
46.657701080010156
43.481543850997696
43.219082847004756
43.28544857200177
43.39591565800947
43.34193384500395
43.183197853999445
43.43985180099844
43.35677433300589
44.01404639100656
43.211394537996966
43.5630794440076
43.04644914899836
43.389238246003515
42.938289130994235
42.87834292500338
43.083299056001124
43.187064792000456
43.59962986499886
43.638555187004386
43.966213403997244
43.37589835700055
43.778128634992754
43.61791608299245
