1 2048
21.724018653854728
20.848422429524362
20.841866279952228
21.09229305293411
20.545435526408255
20.92491497285664
21.10822332650423
20.910773099400103
20.7428774619475
20.7444536536932
20.874766578897834
20.805051020346582
20.989723538048565
20.89565241895616
20.946572495624423
20.9103681743145
21.098912998102605
20.738993739709258
20.846521316096187
20.82854072097689
20.91570809390396
20.48731498233974
19.349482510238886
19.382932156324387
19.62152165453881
19.360541673377156
19.438421736471355
19.317080750130117
19.346329581923783
19.28599801287055
19.425067122094333
19.31193088181317
19.3735578879714
19.478913362137973
19.4358604028821
19.40785362292081
19.403618352487683
19.461614140309393
19.51540173124522
19.267578843981028
19.530841095373034
19.310760247521102
19.431916971690953
19.281587056815624
19.38366019167006
19.721399406902492
19.622827326878905
19.532353325746953
19.84799427818507
20.056531318463385
19.559955364093184
19.57901024632156
19.71408227365464
19.758632349781692
20.12500810623169
19.939017388038337
19.502009592950344
19.46506820153445
19.459646550007164
19.451444249600172
19.632505984976888
19.4475378934294
19.560176064260304
19.52946966700256
19.538613935001194
19.564752897247672
19.454345469363034
19.501254610717297
19.34336336143315
19.44796157348901
19.45484514441341
19.51107292342931
19.429881594143808
19.682924927212298
19.658328532241285
19.66427314840257
19.35526144504547
19.279926939867437
19.323714889585972
19.382056926377118
19.336889651603997
19.317716248333454
19.42913529742509
19.467869804240763
19.331064704805613
19.312573581933975
19.371368715539575
19.269546115770936
19.508335498161614
19.51829112507403
19.325520790182054
19.483823243528605
19.389175159856677
19.263675518333912
19.360872771590948
19.28689155075699
19.362836062908173
19.370428839698434
19.447589529678226
19.421773301437497
