16 128
11.252120812001522
10.696805744002631
13.108233865001239
11.667503329001192
10.699603844994272
9.29347615599545
10.585554372002662
13.160006910999073
11.373127206999925
9.72405506400537
11.838464312000724
12.084611913996923
10.543166459996428
10.78728240399505
11.457273091997195
12.087623191000603
11.378637524001533
10.1455774030037
11.627079005003907
12.688771193999855
9.411962545003917
9.958704893004324
11.959980965002615
12.364425893996668
10.98980807299813
10.702767274997314
12.136251232994255
10.941805301001295
13.810165966999193
12.055755843000952
11.244548000999202
12.16318715899979
14.285639014997287
12.972240046001389
11.873836170998402
12.68288218700036
10.637087192000763
13.47391292300017
11.320623043000523
11.820930289002717
12.238863651997235
10.000039491002099
11.13311516000249
12.176408075996733
13.217916775000049
13.266246170998784
11.850131666993548
11.340498728997773
11.389654234000773
10.73347988799651
11.613015215996711
12.565890678997675
12.58258672500233
12.525757887000509
11.393864796998969
12.352112339998712
11.624798758006364
11.518125474001863
13.633937380000134
11.200483984997845
10.152912704004848
11.527225386998907
9.275876797997626
12.041587095001887
11.571392061996448
10.506611902004806
11.095514325003023
10.782297632002155
12.423090060001414
12.619506547001947
11.753393097002117
11.727323646999139
10.474013166000077
12.73803296800179
12.633260160997452
12.695937750999292
11.677133247998427
11.757418659995892
12.83595434900053
12.421533519998775
10.197913371994218
9.640965481004969
11.182281205998152
9.477140902003157
9.630365103999793
12.113913853994745
9.98813054600032
10.832468795997556
10.688688911999634
10.766741257997637
10.908160880993819
10.612129485998594
13.08768082500319
10.442023581003014
12.18924796799547
12.091692774003604
11.374837677001779
12.217107383003167
11.890367732994491
11.714732268999796
