8 512
19.5321360980015
18.948625999997603
19.17207488299755
18.444690282994998
17.986711481004022
19.05333496798994
18.67214588999923
18.56819631899998
19.168420214991784
18.910790809008176
18.21041829799651
18.358942519000266
18.314881305006566
18.73458634399867
18.395361602000776
18.501454725992517
17.712069204004365
19.08064697100781
19.33172278800339
18.451451992004877
18.46634160898975
18.96338833399932
18.209938729996793
19.12331214400183
18.395043386000907
18.655354082991835
18.661994869995397
18.820930493995547
18.758148966007866
18.692415808996884
18.579163644986693
18.09948477400758
17.924082422992797
17.588207356995554
18.40734130999772
17.925323000003118
18.74730962299509
19.523145693994593
18.78211902899784
18.546016317006433
18.521710290006013
18.475914901006036
20.4136861290026
20.998980307005695
20.20612673299911
22.047798957006307
21.786266131995944
21.33191597899713
21.14542924199486
21.498730282008182
21.104336425007205
21.0657203340088
21.88263517100131
20.02951316900726
20.83289928600425
20.617394055996556
21.9382267040055
21.448190416005673
21.58282275601232
21.9357994949969
21.191024947009282
19.35376476199599
19.80483925298904
20.37942123299581
19.686816404995625
19.731686869010446
19.248638434000895
17.955972567011486
17.783046349009965
18.22427583899116
17.181517753007938
18.35848492498917
18.34307679599442
20.483313709992217
18.06601491200854
17.838142845997936
17.759333701993455
18.007509520990425
17.639353926002514
18.171263891999843
17.799063464000938
17.962903697
18.250764202006394
17.796577608998632
17.806999922002433
17.941635044000577
17.48441075399751
18.067427001995384
17.594418740991387
18.06280417900416
18.28788593200443
17.742041606004932
18.043927142993198
17.926382497986197
18.765745879005408
17.73307483800454
18.00525075700716
18.132414948006044
17.464292346994625
18.332712994000758
