1 4096
25.507865908555686
24.241451560519636
24.220484543591738
24.273467479273677
24.184495232068002
24.210997910238802
24.17259729746729
24.238052875734866
24.349906015209854
24.36360162962228
24.240858308970928
24.214218756183982
24.201064488850534
24.40596215426922
24.27766883186996
24.497066684998572
24.180931112729013
24.542025063186884
24.112748368643224
24.14058382343501
24.50096901319921
24.41846408881247
24.630795367993414
24.281002584844828
24.35698147211224
24.22545518167317
24.290349195711315
24.552393523976207
24.168850919231772
24.132713478058577
24.122725749388337
24.132200887426734
24.188136379234493
24.12082926183939
24.52299765497446
24.149080192670226
24.140558165498078
24.242912475019693
24.19994522538036
24.282775038853288
24.20320776477456
24.31852054130286
24.383701070211828
24.444593410007656
24.114962300285697
24.15602460037917
24.289239185862243
24.35994358174503
24.300053346902132
24.358771819621325
24.30380962882191
24.436708327382803
24.132893837988377
24.090847577899694
24.103000063449144
24.147025112994015
24.13452654145658
24.03657761402428
24.074503365904093
24.193333624862134
24.38467868231237
24.202326556667686
24.145484480075538
24.107968823984265
24.043930214829743
24.314160679467022
24.15221610851586
24.080281055532396
24.24426078889519
24.079480757005513
24.03974824771285
24.245645659975708
24.210375144146383
24.077721685171127
24.19814760517329
24.1323517318815
24.124914550222456
24.15422665514052
24.110680944286287
24.281784469261765
24.286020515486598
24.1138069415465
24.12452218402177
24.171863014809787
24.262502189725637
24.34018987696618
24.335592391900718
24.14506736304611
24.152353602461517
24.232846919447184
24.217549218796194
24.157392137683928
24.154058040119708
24.18863652087748
24.218544446863234
24.134036662057042
24.30095494631678
24.291705205105245
24.232508338987827
24.15094649605453
