32 64
3.7915798239409924
3.7022797679528594
3.7558024674654007
3.6296777641400695
3.550429044291377
3.5535348393023014
3.7298128427937627
4.019413246773183
3.8768915412947536
3.7554770074784756
3.596672859042883
3.6564688375219703
3.506930341012776
3.7841439014300704
3.7421792251989245
3.9038536846637726
3.842567726969719
3.8296588780358434
3.665306025184691
3.6049746461212635
3.8777894973754883
3.7151881521567702
3.6537383906543255
3.9613437363877892
3.5831785378977656
3.694094871170819
3.565680689178407
3.8058755416423082
3.786400865763426
3.981469290331006
3.667177449911833
3.7051434982568026
3.8863315545022488
4.606769214384258
3.863558303564787
3.793497806414962
3.8420789558440447
3.6404529605060816
3.674649835564196
3.62088799290359
3.8332934277132154
3.930260483175516
3.820296815596521
3.6816326566040516
3.704426129348576
3.5572789506986737
3.7344277258962393
3.7455174531787634
3.996850765310228
4.1409844951704144
3.7494468400254846
3.5954562975093722
3.624436469748616
3.835656098090112
4.063085285015404
3.668415727093816
3.7441123705357313
3.856532420963049
3.9648611284792423
3.6694154888391495
3.7503632847219706
3.9514621375128627
3.93271173723042
3.740370389074087
3.66246454231441
3.603554919362068
3.6190503975376487
4.080786947160959
3.8064041482284665
3.707582738250494
3.70708860270679
3.7700674030929804
3.7109346790239215
3.89470914658159
3.8141606263816357
3.849253449589014
3.95742045994848
3.7294883662834764
3.7238826481625438
5.09232899453491
3.805140543729067
4.329357899725437
4.117101613432169
3.8397112460806966
3.6985796382650733
3.8944849763065577
3.6654763342812657
3.8124318020418286
4.183399707078934
4.089584992267191
3.8480714624747634
3.617958154529333
3.6111578224226832
3.6570125492289662
3.901279010809958
3.7594821704551578
3.7470452673733234
3.9010112332180142
3.86585630197078
3.795065311715007
