16 256
21.89518143099849
18.090222802995413
21.542851095000515
22.043160083005205
20.460181274000206
21.26306703800219
21.061959954000486
21.039580332995683
21.76758965999761
20.31133371899341
20.593789874998038
20.657626214997435
19.925636601001315
20.813635316997534
21.07854443499673
19.431718189000094
21.451151903005666
22.116014711005846
21.71424261500215
21.60176294499979
21.25522959099908
21.287337335998018
22.016629620004096
22.367745032999665
25.132949336999445
29.200102556002093
21.85117368400097
21.907786768002552
22.086780902995088
22.827041577998898
21.155729792000784
20.993017836000945
20.773265925003216
21.153160316003778
20.686453819995222
22.380944771997747
21.31414450900047
21.559964077001496
20.704821409999568
20.75585520599998
19.82210832099372
20.22622430699994
20.456193257996347
21.008833184998366
24.395391045996803
24.166007273001014
20.922646118000557
20.307621287000075
20.685495103003632
20.383453943999484
20.98450961799972
20.112585659000615
19.544289040000876
21.95828527699632
21.311189382999146
20.679193402997043
19.96607326099911
21.659670286004257
21.55260005699529
21.015223353999318
20.42297974000394
19.62129444900347
21.991970896997373
22.0023716220021
21.73480081600428
20.58946900999581
20.926758154004347
21.41131332799705
21.391435104997072
20.87527030400088
20.95427115399798
21.574999627999205
20.81590881000011
21.78899104500306
21.67763452899817
21.271669321002264
21.63948929400067
20.19078959100443
22.05610785499448
21.376591293003003
21.241746947001957
21.806875796995882
21.253762776999793
21.015123011995456
22.592509945003258
21.974583536000864
21.889680182997836
22.141274681998766
21.51267306000227
22.042810965998797
20.79016063999734
20.87805651799863
21.28990006999811
21.091077219003637
21.871559975996206
19.04828912600351
21.71532109299733
21.416023657999176
21.819359162000183
21.26689058100601
