2 2048
14.877098998986185
14.46310021635145
14.627057744190097
14.58100404869765
14.4373270124197
14.40530769713223
14.551181443966925
14.42211049143225
14.335701658390462
14.433122212998569
14.4380948767066
14.42654412612319
14.479112795554101
14.43725008983165
14.500202155672014
14.604166397824883
14.433929211460054
14.523311250843108
14.51669087074697
14.673939843662083
14.504254192113876
14.437465452589095
14.489060755819082
14.465733645483851
14.410543659701943
14.440219621174037
14.329685701988637
14.407998404465616
14.489578237757087
14.420663504861295
14.498941289260983
14.499864248558879
14.568691741675138
14.396779069676995
14.582576205953956
14.623984842561185
14.499697907827795
14.610453923232853
14.64786612149328
14.440440827980638
14.448959270492196
14.46557997725904
14.404254853725433
14.498096406459808
14.450852806679904
14.472550327889621
14.433351720683277
14.650284078903496
14.368094470351934
14.554803266189992
14.523452350869775
14.578737939707935
14.537933281622827
14.43958652857691
14.520001388154924
14.55123704764992
14.906641969457269
14.466150269843638
14.745791965164244
14.48359351977706
14.570640220306814
14.943194444291294
14.548873329535127
14.638759776949883
14.75327258836478
14.555973190814257
14.709358259104192
14.62635040935129
14.654048155993223
14.617953680455685
14.559301861561835
14.524817592464387
14.502669150941074
14.484737548977137
14.646758869290352
14.37620750349015
14.41547341644764
14.47702231630683
14.526340547017753
14.428334607742727
14.371186728589237
14.406845919787884
14.411782002076507
14.48111179471016
15.183857405558228
14.401833530515432
14.377760680392385
14.511692974716425
14.514452775940299
14.462593854404986
14.678589966148138
14.440212803892791
14.432835985906422
14.516793295741081
14.704427726566792
14.383594878017902
14.414951983839273
14.49243069626391
17.64360967092216
14.317220319993794
