2 256
45.366705138236284
41.8567512286827
44.23328568879515
44.41334013734013
43.61549743451178
41.908168441616
43.040721805766225
44.89897460490465
42.850298473611474
43.6136816162616
43.159130703657866
42.270640509203076
43.961044983007014
43.71112137567252
45.83008815534413
45.135792694054544
43.240315082482994
43.73096469603479
44.76148911379278
41.69103781506419
42.966839199885726
42.34073512163013
44.82860524766147
44.71505057066679
44.67861626017839
42.37340123299509
44.460874625481665
43.7121036183089
44.31559698842466
43.53250052034855
42.20526326354593
45.44387323781848
44.082796414382756
43.293995031155646
45.42567918263376
44.64350501354784
43.88733918778598
43.723092001862824
42.51623604726046
44.06771701388061
45.46524107735604
44.36974071897566
44.26301304157823
45.24884002096951
43.95750471390784
43.778501278720796
44.486012888140976
44.415405849926174
42.21894647181034
43.60663465037942
42.67406105808914
44.273542769253254
42.88435013778508
44.74284055735916
44.212630623951554
43.3383310418576
44.2511519389227
43.76536091696471
42.51745059899986
44.22453410085291
43.10463029332459
44.782710243947804
42.85048992279917
42.74540935084224
43.691943196579814
42.05298819858581
43.218768673948944
42.61024580243975
44.22237397823483
42.32523609045893
43.86869308166206
42.708223013207316
45.304455739445984
44.181944692507386
42.62670414336026
44.57476218510419
43.50773642770946
43.939195569604635
44.42070328723639
45.351131211034954
44.58344592992216
42.00804608780891
43.200530130416155
50.428395725786686
53.463032675907016
45.091469613835216
44.91342611517757
42.96935887262225
53.59973406791687
44.03177464660257
45.00582392979413
43.95484284032136
42.86229643039405
42.0792238926515
41.74467041622847
44.35710631869733
42.69182904995978
41.72005466371775
41.61744274292141
44.117256133817136
