8 8192
39.66876261199991
28.221959809000055
30.178628950000075
29.685071778999827
38.86420756200005
38.734763377000036
37.79217115000006
26.779125213000043
33.243451209999876
35.99039285799995
52.4214520160001
27.779890042999796
31.53132364499993
33.34906545600006
30.78371039400008
32.40840036899999
29.470337458999893
31.808459737999783
33.91699867499983
62.862623430999975
45.279077674999826
30.891567505999774
32.374657239000044
29.98589816799995
30.77010620300007
33.37872035500004
30.85801841700004
32.64623870100013
30.416076752999743
31.482556194000153
29.27107713400028
32.26820469799986
37.31968397999981
53.43862679200038
31.054029315999742
29.97529898799985
32.44285603900016
32.876340755
36.991936361999706
35.08442516000014
43.638237879999906
39.76784073299996
31.597006628000145
28.529966035000143
30.583708702999957
30.55813553100006
31.03139397399991
31.52618455699985
32.47209732300007
31.652180821
40.66269876699971
55.94721463299993
35.017052281999895
27.793160784000065
30.91303842399975
32.98203331600007
28.197518282000146
30.96528392900018
36.72311799399995
56.77925132900009
46.587090333000106
33.84653924999975
31.108642818000135
26.97341828300023
26.994774245999906
31.45628378299989
30.559867032000056
29.15209282800015
34.977651509000225
68.95655250400023
60.391741982999974
28.45435296000005
29.215413866999825
27.911941587
32.00088916000004
34.20158343999992
33.942492516999664
32.4432951280005
33.24079875100051
29.809353943000133
28.706319865000296
28.54409745399971
32.65839829699962
32.421560218000195
33.93466122400059
38.12499960400055
32.76630283099985
31.972889976999795
29.492524342999786
34.71571469799983
32.29605064400039
30.471097055999962
29.081075779999992
29.35320064000007
35.65742588899957
31.301641609999933
31.23809731000074
33.64400832499996
29.204967019000833
30.78405964400008
