1 512
27.450735789723694
27.19123045168817
27.023602438159287
27.161887818947434
27.18192659225315
27.21340540330857
27.291644661687315
27.275755923241377
27.143452337943017
27.18279616162181
27.24550838023424
27.32899927534163
26.94118982926011
27.07333448715508
27.073739487677813
27.0227925227955
27.382787968032062
27.217342663556337
27.14450062531978
27.223172889091074
28.60083389747888
30.031215839087963
29.471041737124324
29.614453623071313
29.55865488294512
29.747322122566402
29.68300911411643
30.374606331810355
29.380417444743216
29.438743722625077
29.485231269150972
29.555203588679433
29.289105107076466
29.426432080566883
29.329827098175883
29.55245857872069
29.250955224968493
29.312200605869293
29.415770097635686
29.5138729698956
29.372988611459732
29.53106066491455
29.625828759744763
30.17375222314149
29.488839365541935
29.689626621082425
29.564535821788013
29.45025408640504
29.74466448929161
29.644566672854125
29.662897642701864
29.188788997009397
30.37450836133212
29.465277595445514
29.509954737499356
29.615654748864472
29.738712947815657
29.492369000799954
29.429480449296534
29.340005225501955
29.44721776805818
29.418358049355447
29.717594103887677
29.244567995890975
29.390098325908184
29.275085669010878
29.455297094769776
29.44421993289143
29.62215638719499
29.22334497049451
29.378392037935555
29.302493665367365
29.387870120815933
29.30120504554361
29.158373751677573
29.879168107174337
29.354823275469244
29.185050292871892
29.45212984830141
29.490235226228833
31.2049330919981
29.369447705335915
29.555263030342758
29.228440505452454
29.394853664562106
29.384722594171762
29.454784234054387
29.297640277072787
29.40468169748783
29.3745059594512
29.371913326904178
29.429464023560286
29.55346398614347
29.25301647093147
29.550129952840507
29.379859877750278
29.483681878075004
29.359461563639343
29.432557213120162
29.283597973175347
