8 1024
12.53293510999356
11.609054383996408
12.592638675996568
11.828945286004455
12.948670761004905
13.088157806996605
12.763340498000616
13.114902702989639
14.423957798993797
12.681954123007017
12.366552365012467
11.443772326005273
12.14593333999801
12.797151755003142
11.655101935000857
12.002624458007631
12.935333699992043
12.971650352003053
11.9265552549914
10.76568090901128
11.354560552994371
11.468097573000705
11.681253407004988
11.976222494995454
11.863442376998137
11.048404750006739
11.436563978000777
11.486246305998066
11.143728682000074
11.119495990991709
11.21378258500772
10.867653516004793
11.192264421988511
11.322766839992255
10.36879624199355
10.228669878997607
10.304105718998471
10.605400807005935
10.717692880003597
10.54749063399504
10.83700787401176
10.984234815987293
10.930090932990424
9.979963196994504
11.017368617991451
10.508494919995428
10.528169718003483
10.8207049969933
10.520188637994579
10.526685763994465
10.25930024299305
10.697046358007356
10.563469244007138
10.650516970999888
10.903519669998786
10.116804571996909
10.604038796009263
10.10294435400283
10.556814519994077
10.544165170998895
9.801172353007132
10.325876486007473
10.793339487994672
10.558265525003662
10.208663395998883
10.374999709994881
10.52854267199291
10.436993812996661
10.618700551000074
10.695015657998738
10.628650001002825
10.104294856006163
10.312163963011699
10.342887443999643
10.253929405997042
10.249965634997352
10.330045263006468
10.352936449999106
10.144120815995848
9.671998004996567
10.110454890003894
10.85693842600449
9.985211766994325
10.053449938000995
10.889743150997674
11.953707306005526
11.209468030006974
10.686116343000322
10.754056604011566
10.591012695993413
10.692874381988076
10.335661593009718
10.223958836009842
10.365689117999864
10.201991865003947
10.537222506987746
9.622987570997793
10.026004044004367
10.673369693002314
10.574948263994884
