1 256
40.684569048695266
39.933198569342494
40.11223111022264
39.96929456386715
43.52963892091066
40.11802687868476
39.98876923136413
39.90435734950006
40.06733458302915
40.081115054897964
40.11139997188002
39.889896118082106
39.864255737513304
39.957527281716466
39.93151806760579
39.91018582414836
39.91126145515591
40.05738669261336
40.136122052557766
39.968520890921354
40.14345981925726
39.927998575381935
39.985946672968566
39.988903537392616
40.12290208879858
39.90659111086279
40.28280139993876
40.13571966998279
39.93980884645134
40.04796390142292
39.97628438938409
40.13868692610413
39.931651351973414
39.959361489862204
40.00479849334806
39.88018906582147
40.09147963579744
39.87793954461813
39.898563041351736
40.00992607977241
40.033356830477715
39.96626865584403
39.97633414622396
40.093874969519675
40.06652254983783
40.00385895743966
40.15012154635042
39.950547616928816
40.19743221253157
39.874649750068784
40.045761049725115
39.94408753234893
39.89023744314909
39.87390297371894
40.03252362087369
39.85575504787266
40.049064989201725
39.802997862920165
40.036656328476965
39.891191200353205
40.104163565672934
40.08667855896056
40.05441259406507
39.98447656817734
40.10071083996445
39.941291285678744
40.02097012847662
39.99457364156842
39.894065889529884
39.948505151085556
39.96906497795135
40.22681761998683
39.90043860767037
40.12078199721873
39.97226269822568
39.96383509412408
40.20774583425373
40.02315326593816
39.94667913578451
40.13044424448162
39.956453506834805
39.87137901969254
39.63705235719681
39.68194644711912
39.90502499882132
39.665761592797935
39.80589553434402
39.662606296129525
39.815535716712475
39.75971919763833
39.771961216814816
39.85604662261903
39.7290606321767
39.58802920766175
39.61837616190314
39.64990169648081
39.806040450930595
39.8523216387257
39.78020635806024
39.687896713614464
