4 64
22.142123723999248
21.679127340999912
21.741923052999482
21.71959055700063
21.730926943000668
21.719909241001005
21.643163677999837
21.76505416800137
21.731033232999835
21.63208748999932
21.753051917999983
21.667904509000437
21.734891430998687
21.587615575999735
21.85313016800137
21.945734237999204
21.74046822499986
21.928900195000097
21.745552039999893
21.61984593499983
21.55587302099957
21.695196930999373
21.703860628000257
21.66161807000026
21.68013706400052
21.652907806001167
21.60586625200085
21.637244170000486
21.649713646000237
21.805566279999766
21.704987954999524
21.709556784000597
21.865045885000654
21.965390430999832
21.780336042000272
21.8526862409999
21.86595701999977
21.86158612500003
21.914496497000073
21.775362096999743
21.53599445799955
21.561370251998596
21.70545053099886
21.79835593000098
21.667738250000184
21.820786763999422
21.674666482000248
21.599735091000184
21.6985407939992
21.667830954000237
21.673802106999574
21.80999529300061
21.78956650100008
21.73709521800083
21.834536767000827
25.73352906100081
27.085612150000088
26.123985603999245
21.683178994999253
21.77176499699999
21.796477746000164
21.71393871700093
21.65944917500019
21.58450855100091
21.665323040999283
21.692713323000135
21.818932478001443
21.692695785999604
21.598200709000594
21.664378498000588
21.565990347999104
21.730923107999843
21.744546253999943
21.687938229000792
21.727938330999677
21.725218245999713
21.681426918999932
21.540100333000737
21.73196304799967
21.95107521999853
21.812229122000645
21.762504061000072
21.634217996999723
21.83181278399934
21.928869239998676
22.15336939000008
21.798864296999454
21.774443268999676
21.78783199099962
22.072419301999616
22.36088185100016
21.817786613999488
21.707502502000352
21.73536815099942
21.697149678999267
21.727918831000352
21.821368271999745
21.739966402999926
21.867681968000397
21.754933058999086
