2 4096
82.55933121219277
43.68711288832128
36.61868103221059
95.39159552101046
69.74163844063878
32.71194308809936
52.71892961021513
28.444888005033135
44.029602099210024
54.27579826395959
80.92821742314845
89.9929311722517
62.831619549542665
98.79235410317779
48.77235159650445
46.23567929212004
37.29722035303712
30.28207722865045
85.8460501069203
125.21999441832304
50.424901412799954
103.57712308131158
102.78861923888326
48.66390033904463
83.05773918237537
108.71827652864158
40.24329821765423
81.15843640547246
63.33736564125866
62.44077007099986
90.60703237447888
55.80339448712766
117.86110518407077
82.43128505628556
103.88012856524438
113.91748412884772
74.1116638109088
43.50220338255167
40.41881559230387
102.0177925368771
90.35115918144584
74.12328482698649
43.17788871657103
114.08358715940267
47.16368016973138
108.98469375632703
92.53462743852288
39.30376164801419
29.281607070937753
59.0402258168906
69.1578504210338
120.05549447983503
33.795206864364445
67.24180516507477
62.80433582700789
88.47127185948193
29.75989887677133
57.13181705586612
67.2080660937354
63.045933777466416
55.12998132314533
82.88323789834976
81.26525092963129
40.58681010827422
77.07047029957175
64.71392412297428
63.874621137976646
37.45445865485817
81.88301960099488
49.47997735068202
69.47723105736077
87.66231312416494
95.60847524832934
79.5314836492762
52.28646836895496
56.392310691066086
63.77184881456196
46.97975167725235
46.87248227093369
61.67183719202876
93.68152974359691
88.40130165964365
101.72935456503183
32.25882364530116
57.50019442476332
62.73251210246235
60.614671434275806
114.07297777850181
133.6749295759946
59.56371648889035
80.20436472538859
97.95276486687362
108.90879456140101
76.70271420944482
43.74195931665599
72.00690581649542
89.55827134475112
75.5963747901842
108.20970712974668
75.12696452904493
