2 8192
97.72903205174953
97.85023903753608
76.24508483614773
93.86397714819759
96.39801371190697
98.18266652245075
101.24276662245393
100.66247054282576
77.27495124842972
66.11038021650165
97.96925104595721
42.031700788997114
89.50547976326197
64.99754743464291
98.76279722992331
82.7065028976649
95.95663644652814
63.25579182058573
97.74182991217822
99.67536469735205
98.72276333998889
70.13916649576277
85.84729340020567
33.186284518800676
80.64055445976555
40.96614495292306
88.52445095498115
98.91842635255307
98.87290170323104
98.84254232887179
94.99709677416831
46.065644619986415
78.0759655740112
49.11588406562805
80.41208400391042
97.83491792343557
97.71354769915342
98.02527624741197
98.27839496079832
55.41822952963412
60.16404366400093
95.95909481868148
98.05392216797918
98.21539776865393
98.81069123838097
98.45295026432723
98.60123198106885
53.526871404610574
98.29356050398201
43.96614918578416
97.95166787877679
45.34323551878333
64.5300739184022
91.13436650764197
91.42866626381874
98.38846511021256
73.50921936240047
43.469365268945694
98.42811914999038
40.82526408415288
94.94441178068519
98.30143233481795
98.08419506624341
58.169559033587575
95.33091883733869
98.2546693244949
57.31233492773026
74.87300832103938
99.49985614884645
101.23837849497795
93.95779664628208
95.43397341575474
98.26898043509573
101.89483648072928
47.50027037691325
105.37502577994019
92.19679195992649
91.14874181430787
88.0314825437963
67.83420579414815
80.13883204571903
70.31041263509542
81.35191446356475
98.15154218114913
87.93078489601612
70.00098932906985
98.23432085942477
88.74893338512629
73.59940586984158
77.22485963907093
98.22544649988413
75.2197832474485
98.12015380337834
58.647469946183264
92.48886396922171
98.17266671732068
52.966922940686345
84.64275475591421
98.05019968375564
91.7381297359243
