16 8192
18.547905037999953
19.54448584900001
21.544641798000157
20.942449596000188
18.894279162000203
15.505195280999942
16.01655448099973
18.77163379600006
19.03503933200045
16.637433509999937
19.047438514000532
22.986723618000724
20.673954257000332
19.832174034000673
17.97365125900069
17.942422604000058
18.42922798299969
17.218728708000526
17.480779743000312
19.773625389999324
17.108806719999848
19.138871084999664
19.44442822899964
18.290139754999473
19.987904778000484
19.132677005000005
19.02797414500037
18.24707582799965
21.651578621000226
20.028415363000022
20.168378231000133
19.842426786000033
24.54848156600019
18.925841002000197
19.35761617999924
24.038690244999998
18.942825081999217
18.69177647700053
19.299162386000717
20.038369373000023
19.11961314600012
18.721442412000215
19.265212751000035
19.97259538599974
20.905999089000034
22.310119282000414
19.671803109999928
19.211687295000047
24.1413877469995
19.938449971999944
18.93434708099994
16.994666342000528
19.60782508000011
18.805464122000558
17.520018136000544
20.481398000999434
20.485188898999695
20.167009722999865
18.250216800999624
17.539175328000056
18.963095683000574
21.237826378000136
29.73812833300053
32.338546534999296
33.66418091200012
39.172900124999614
19.513023835999775
18.941544975999932
17.97361674000058
17.853727283999433
18.214127778999682
17.694459606000237
17.931086553999194
21.278175188000205
22.691269539999666
15.683120108000367
15.005176104999919
16.20038845199997
15.384612830999686
15.391047092999543
16.361474788999658
15.523949471000378
15.393286759000148
14.990574890000062
16.124750066999695
14.89791572499962
14.618807304999791
14.45180024199999
14.957396800999959
14.844949582000481
15.14930876299968
14.767706114999783
17.91124449400013
17.235144813999796
16.56360408599994
15.358515248000003
15.078922465000687
14.986100226000417
14.550702991000435
14.637616825000805
