32 4096
4.950304527999833
4.776626058999682
4.774440925999443
5.079657023999971
4.935650915000224
5.185028790998331
5.019418981000854
5.034531031998995
4.863516493998759
5.10514780900121
4.8571216220007045
5.310674866999761
4.863892526998825
4.568338413000674
4.9233098620006785
5.0740596680007
4.945423778999611
4.907373732999986
4.687073791999865
5.300076768000508
4.975324279001143
5.103438309000921
4.8769086329994025
5.023076723000486
5.025208023000232
5.2166205550001905
4.832256864001465
4.899559939000028
4.929222376000325
7.408685706001052
4.974058715000865
5.241857323000659
5.255181759001061
4.866314049000721
5.330344755999249
5.161892559999615
5.216509042000325
5.016446978999738
5.3904527649992815
4.885439436000524
4.769836396999381
4.957399928000086
5.397034350000467
5.141788556000392
5.324274349999541
5.518710626998654
4.8359186530014995
5.040439291999064
4.840813295999396
5.055214670001078
5.078217913000117
4.807574754000598
4.738473215998965
4.962495912999657
5.07305303999965
5.247768854998867
5.255258175000563
5.188394836999578
4.733947103000901
4.972366721000071
5.353004350999981
4.889041599999473
4.836886842998865
5.1666170050011715
4.772474065999631
4.995270179000727
4.734279328999037
4.946788404000472
4.5230493750004825
4.602394577999803
4.684780137000416
4.867474046999632
4.947944444998939
5.062490889999026
5.54370475199903
4.973748964999686
5.0975320790003025
4.631457052000769
4.943910105001123
4.843054861999917
5.204298304999611
5.116515943000195
5.285967684001662
5.229638623999563
4.889277643000241
5.097377220001363
4.794703642000968
4.829460363998805
5.1883611749999545
5.069206119998853
5.490895651999381
5.000744709999708
5.2692996810001205
5.389264437999373
5.003537328000675
5.248796059999222
4.881753052000931
5.045435234998877
4.923911693000264
5.28100401699885
