32 128
5.903470054268837
5.999934114515781
6.608982562087476
5.593104261904955
5.34952961653471
5.81795587297529
5.786650368012488
6.244939963333309
6.092169941402972
6.682629393413663
6.1337698213756084
6.20061366725713
5.848582131788135
6.32588760368526
5.768723192624748
5.8264530738815665
6.2864287961274385
5.823202698491514
5.694236366078258
5.917605639435351
6.492411815561354
6.30276064760983
5.582440264523029
6.767558638937771
6.147438541054726
5.641182308085263
6.576208267360926
5.941842843778431
5.821953975595534
5.943347970955074
5.747226091101766
5.8315285705029964
5.763936344534159
5.991169569082558
5.444164743646979
5.804892281070352
5.72960670106113
5.98415962420404
5.666250352747738
5.68952277675271
6.096956550143659
5.949345237575471
5.999026949517429
6.077260256744921
6.174923112615943
5.670419196598232
5.930229151621461
5.84438247885555
5.901419842615724
5.912499316968024
6.077458201907575
6.138438809663057
6.828352522104979
6.088025984354317
6.393398768268526
6.3611778961494565
6.340153388679028
5.800012183375657
5.498694218695164
5.912033247761428
5.892390456050634
6.336939449422061
6.122943055815995
6.738166782073677
6.239746446721256
6.160396730527282
6.356828291900456
6.5940969083458185
6.443761912174523
5.8556407587602735
5.898981852456927
6.110981799662113
6.313881400972605
6.106233207508922
5.635649244301021
5.9289678214117885
5.659126698970795
5.622821258381009
5.716162696480751
6.3723890241235495
6.207092387601733
5.815535237081349
6.122095504775643
5.6595673663541675
5.931961170397699
6.275915921665728
6.3171959994360805
6.13597053475678
5.824660732410848
5.774851969443262
5.865868950262666
5.730400257743895
6.490403325296938
5.862177399918437
6.04010381642729
5.83029730618
6.054179701954126
6.9109602784737945
5.7523796912282705
5.840348930098116
