4 128
32.16678226300064
32.59748917499928
32.147336768999594
31.41612637400067
33.10074441299912
32.37121174999993
33.947519909999755
31.455400259999806
32.8919356360002
31.535627606999697
31.772813676001533
31.30558310000015
32.00761733199943
31.456884060000448
32.91342562099999
32.641632996001135
32.08104250600081
32.711722919999374
32.910538321000786
32.0890458089998
31.88711758499994
31.985198103000585
31.46623897400059
36.5286820320016
31.707914126000105
31.78747744700013
30.97424782499911
31.619755491999967
31.51466056999925
32.02994669299915
31.298010256999987
32.48446839200005
30.761549240000022
32.917377686999316
33.07905945499988
31.699771862999114
32.063519659999656
31.721912515999065
31.55165103499894
31.70496608099893
31.923874991000048
33.73707135099903
31.366714629000853
32.45297936499992
34.05091022799934
31.807005753998965
32.167297148000216
32.58752262100097
31.66640163000011
32.14069097599895
31.57096292800088
32.30895892500121
32.97700568699838
31.479756243001248
31.98576432599839
30.802209621999282
32.52952832799929
30.936814291999326
34.658425469000576
32.66780345100051
32.29109555899959
34.309373361000326
32.08835452200037
34.46431174600002
31.63626264999948
32.76412309499938
32.62477620000027
35.39938568599973
32.52665055199941
32.468512968998766
33.495679866999126
33.2572578829986
33.41333027200017
32.72922829500021
32.82034395399933
32.41634268799862
32.16271217299982
33.03179733599973
33.817901108001024
31.36744133100001
31.52028013400013
32.32008554099957
31.897499909000544
31.736214465998273
31.036656770000263
31.560841422999147
31.238303367999833
32.13356405000013
30.90421717600111
32.75364000799891
32.26787995700033
32.02067600999908
38.75514562900025
32.27150470500055
31.90205053000136
31.8057776379992
33.52601572099957
31.424088021001808
31.856758002999413
33.76364361999731
