8 4096
12.156002119998448
15.876147440008936
18.596402480005054
16.002374557996518
12.035780906997388
12.457533524997416
17.62339361400518
13.122590311002568
13.5453070270014
14.212544445996173
18.35154200499528
18.76142598199658
15.161641861006501
14.022765592992073
23.628740499989362
18.27587919900543
14.106321505008964
14.74292795000656
13.391381712004659
16.631270497993683
13.681210946000647
14.574524018011289
11.987234142012312
18.089041380997514
17.350307628003065
13.788314343997627
13.281396336999023
14.576760109994211
16.869492926009116
18.56780785799492
14.756638873004704
23.777610937002464
14.813422257997445
19.144269108001026
14.118226753998897
13.679604998003924
14.880233227013377
13.905245261004893
15.23755471999175
11.883137395998347
13.77136216899089
13.363644993994967
20.162120319000678
13.34748529799981
17.279582108007162
15.286176427005557
18.44888697299757
16.541032164997887
13.109865025995532
13.784818639003788
15.084811968001304
25.294375212994055
24.63757686999452
33.02460061399324
14.417629028001102
21.410055807005847
15.234027651997167
17.309667655004887
15.042727902007755
15.586449741997058
14.02774479398795
15.594178657993325
13.624483342005988
15.278866328008007
11.79295041099249
15.612483229997451
12.704926951002562
12.580314757011365
14.826940881001065
16.438207184997736
19.31942301899835
14.156783694998012
13.2074436910043
14.889324724994367
22.83222943599685
21.02044456799922
13.063587409997126
14.827622411001357
17.68658235699695
17.16294724099862
22.66313811200962
17.060249088986893
15.311246105004102
14.13137669301068
16.10278343700338
26.126792687005945
14.857786423992366
13.371241517990711
17.07655060799152
12.323653320010635
30.030350016997545
12.857538707990898
16.028860427002655
17.34636998899805
19.79568922900944
14.006566344003659
19.1095354299905
13.822639666002942
21.618201653996948
16.523392054994474
