1 128
62.46560523286462
61.68348178919405
61.72405069228262
61.72325722221285
61.81600392702967
61.96608207281679
61.96333426143974
62.07468520663679
61.80167865939438
61.63850727304816
61.5531258424744
61.64855208899826
61.988656987436116
61.723477279767394
61.840305170975626
61.71825041528791
61.979266215115786
61.679347570985556
61.7240320937708
61.881232804618776
61.96921318024397
61.92750418558717
61.685210762545466
61.72359672188759
61.64916635211557
61.59252221882343
61.912729570642114
61.73669559787959
61.86862832400948
61.58897230774164
61.848630376160145
61.90702793747187
65.54418424051255
66.88657257612795
61.9404292088002
62.03293087147176
61.787160384468734
61.681543063372374
61.97351419366896
61.80172109231353
61.72017399221659
60.917901747860014
61.14402206335217
61.09883015695959
61.25567859597504
61.13529880438
61.02031623851508
82.39076016191393
61.69008828047663
62.4867210034281
61.62934905663133
62.319907968863845
62.10003538429737
62.125752843916416
62.47626531403512
62.729348139837384
62.20618108008057
116.9667958477512
62.87412539217621
61.92045309115201
61.79678554832935
61.954465481452644
61.70580274518579
61.782122693024576
100.88459456246346
76.62009019311517
62.23028346244246
61.79293627664447
61.96056563407183
61.774452050216496
68.99529035761952
99.16787069197744
62.216629478149116
61.75993127375841
61.859901883639395
62.00578281097114
61.97468680422753
61.78484987653792
62.06653707101941
61.87526306230575
62.15217063669115
65.6541992239654
61.73153666779399
62.215290863998234
61.87830595113337
95.8811370069161
61.51852083206177
61.23768181260675
60.814822178334
61.086612686514854
61.31353586073965
62.31866651587188
61.06771532073617
61.360497240908444
61.251714701764286
61.07346510421485
60.92012236826122
61.3744270503521
61.10216160584241
61.24349527526647
