4 4096
18.22322558698943
31.129806532000657
50.0511518780113
18.156504458005656
30.855953058999148
20.049193379003555
19.521973536000587
24.12085053199553
17.845212553002057
20.482607693003956
27.811355069003184
26.421459921999485
26.150586370000383
27.30171755400079
45.287952115002554
29.432418957992923
38.708948456987855
30.97819313000946
20.591934809999657
26.446277372000623
19.194226974999765
17.7109360369941
34.571053107007174
18.661595313009457
43.177837079012534
31.912749536990304
36.18646401500155
24.285744671011344
24.733323617008864
20.26424126799975
20.039012797002215
20.139061153007788
20.854756205997546
17.530761179004912
29.793744709997554
16.565814437999506
18.73606559500331
34.5278521279979
22.090369003999513
24.447933571995236
37.26302041701274
28.222587047013803
25.36861630900239
33.691604524006834
38.03917759199976
21.401699962996645
17.7770217829966
29.487710825997056
39.12508694900316
21.351732843002537
48.8501041970012
39.94060027800151
20.583869571986725
19.711036567998235
20.576109913003165
16.48529627699463
18.884298700999352
18.178040436003357
16.97546679500374
21.159840752006858
24.365467501003877
36.879842558992095
20.41557369500515
25.401214387005894
22.348457768006483
21.40277157899982
38.171915170009015
28.53723984899989
18.54958822799381
20.378234509000322
50.55771330300195
27.623249779004254
21.18357571400702
23.624670065008104
16.78968980499485
26.392525235991343
33.29410405400267
17.467699757005903
20.372960121007054
17.95652547098871
21.118072247991222
23.875915860000532
19.49315501700039
20.440164986997843
29.0601916769956
17.80431882000994
29.63162503800413
28.124355481006205
25.1758775680064
42.66108517500106
30.729206091011292
27.418888795000385
21.838262263001525
25.343273781007156
35.49523143199622
25.85247250100656
41.554377207998186
31.314649638006813
30.982650916994317
29.5217588480009
