2 512
32.381120891019236
31.65386111100088
29.270518459990853
31.525555066007655
31.334421728999587
31.830568305013003
31.286116568982834
29.208707903977484
31.528683443000773
31.630040588992415
31.26071146398317
32.55641574101173
30.583330435998505
31.34461508798995
28.279354336002143
31.495909536024556
31.766658078995533
31.85977151899715
31.724208933999762
28.966290651995223
31.80630643197219
31.688134920987068
31.757910382002592
31.30800143801025
31.595831833023112
31.56230974497157
31.827787095011445
31.443450894003036
31.48358631899464
29.90039205699577
31.62963718600804
30.989701935002813
31.196124312002212
31.564814630983165
31.188806894992013
31.366814014996635
30.998018231999595
28.517427653016057
31.608082631020807
31.637412304000463
31.18276122098905
31.679777725978056
30.785585081001045
31.65709888000856
28.202910568012157
31.750096475996543
31.248882396990666
31.90385418900405
31.568749372992897
31.80631533698761
29.47178024300956
31.769915656012017
31.42131730102119
31.509795625985134
31.15930636698613
31.08937960898038
31.69940370399854
30.3816466559947
31.868314816994825
34.17917524598306
28.954355713009136
31.599054927995894
31.92756915697828
31.600460582005326
31.19473772897618
31.454393282008823
31.34016564700869
31.777640190994134
28.98437008500332
31.886907446023542
30.972457775002113
31.502744000026723
32.02724725098233
31.46836825698847
29.0434703649953
32.30990602399106
28.358672694012057
31.74794673998258
29.800100444990676
31.425235063012224
29.69399323599646
32.06198757499806
31.82177404902177
31.286103987018578
31.58740768599091
31.495920625020517
31.593970065005124
31.402446710999357
46.82466469501378
31.569608574005542
31.714164108008845
31.276076007983647
31.64617665798869
31.54509101100848
31.681674326013308
31.792580639012158
31.705452416994376
31.760813064000104
31.782466258009663
31.61430290300632
