16 512
15.633111078292131
15.806770753115416
15.588316184468567
15.046878662891686
15.102156800217927
16.209622148424387
15.221711155958474
15.37198934610933
15.669882408343256
14.772993627935648
15.010570147074759
15.405565495602787
15.178125792182982
14.469692073762417
15.983061097562313
16.371349132619798
14.723457886837423
14.408787943422794
15.193019413389266
15.172429696656764
15.600870775058866
16.90666671190411
14.988050694577396
14.748588721267879
14.696961978450418
16.32911914214492
14.976019312627614
15.095780952833593
16.47098322492093
15.82919011823833
14.623260948807001
15.847900937311351
14.331213982775807
15.293052054010332
16.028027622960508
15.97506703529507
14.517184971831739
14.317911807447672
14.542117549106479
14.44942866731435
14.323114722035825
13.968755717389286
14.153265179134905
13.8543635699898
13.680920486338437
13.532054031267762
14.57716073654592
14.863041506148875
13.955557679757476
14.06831541005522
14.075180193409324
15.570940845645964
15.054284629411995
13.769865302368999
14.237547962926328
13.923832149244845
14.920271972194314
15.80013137217611
14.599610284902155
14.097373666241765
14.534121976234019
14.385047902353108
14.017579280771315
14.131128955632448
13.988822261802852
14.457730545662344
13.635553810745478
14.784089170396328
14.601552849635482
13.898437931202352
13.849938788451254
14.431865119375288
14.037626035511494
13.84691081661731
13.81054821703583
14.213489459827542
14.043519762344658
13.68033767864108
13.846727416850626
13.78788507450372
14.0722981011495
14.88453142810613
14.580224318429828
14.005710025317967
13.918802052736282
14.114100525155663
14.404315392486751
13.743351651355624
14.499864522367716
15.099597892723978
14.610165326856077
14.313577533699572
13.90582386776805
14.606685257516801
14.427487302571535
14.720940294675529
13.620031177066267
15.170589758083224
14.871026243083179
13.894595662131906
