8 256
34.20621966100589
33.18757589299639
33.48139755699958
33.9599070760014
34.022759578998375
34.18877913100005
34.25387975299964
33.92473525000241
34.241269825004565
33.66196836799645
34.21201129999827
33.86921182699734
33.82248489400081
33.60170569500042
33.63188921799883
34.353295891000016
33.874063788003696
34.05629618999956
33.87744452000334
33.392952590002096
34.12336284599587
33.71396248599922
33.73294693000207
34.234839650998765
33.79332930399687
34.348782525004935
34.30688241000462
33.821286881997366
34.17330893399776
33.629340078994574
34.8150668889939
34.04576520899718
33.861227206994954
34.47774391799612
34.39576625399786
33.833028144996206
33.62339878700004
34.04992191399651
33.62301579499763
33.43367445799959
33.19887901099719
33.04042038299667
33.43591400799778
33.481971373003034
33.557087772998784
33.2073049440005
32.93549141899712
33.093809265003074
32.989882531997864
33.38108524600102
32.85390596600337
33.518115316997864
33.326131182999234
33.06251462899672
32.65059207800368
33.29024503399705
33.52377811200131
33.414139807995525
32.30659602399828
33.82431364499644
33.00462782999966
33.64775615899998
32.67351408599643
33.71248846000526
33.899939078997704
33.255651593994116
33.05564125600358
32.95516910399601
32.97774561800179
33.54017675999785
32.921283971001685
33.419169212997076
33.26686283199524
33.291096123997704
33.09601408699382
33.37407089699991
33.28633133900439
33.337090859000455
33.78163607899478
33.89947751800355
34.41952626100101
33.64223288500216
33.78870783199818
33.378271976005635
33.70746305400098
34.411586843001714
33.078353864002565
33.53742925300321
33.79235078999773
33.05882194500009
33.368871524995484
32.886473995000415
32.797055893002835
32.91490132200124
33.25335717300186
33.08603564000077
33.21368545199948
32.64541447099327
33.828837579996616
33.814589840992994
