4 512
24.26688146404922
23.76113720331341
23.18028049264103
23.556705231778324
23.53548615332693
23.6398668801412
23.396703977137804
24.091329945251346
23.693257276900113
23.25987728405744
22.86944468691945
22.946801785379648
23.41989886108786
23.253878503106534
23.215000638738275
23.375731599517167
23.022695476189256
23.465428691357374
23.447041586972773
25.360296046361327
27.278515484184027
23.90170488972217
23.353248902596533
22.794857095927
23.149798773229122
23.190721984021366
22.806203309446573
23.393107092007995
23.29740121215582
23.99229994043708
23.235583260655403
22.964522548019886
23.27487521059811
23.569994588382542
23.30282718129456
23.153464311733842
23.567942745052278
23.33054367918521
23.135693702846766
23.520238786004484
23.835177519358695
23.334408473223448
23.378457192331553
23.738236470147967
24.29176600277424
23.865235837176442
24.118486885912716
24.75174999423325
25.280355159193277
25.696253081783652
25.09829988051206
23.612915352918208
23.824312541633844
24.40612414944917
24.458626923151314
24.313484316691756
23.186905289068818
24.06423386093229
23.550328254699707
23.834091708995402
23.234963255934417
23.683756508864462
24.092142248526216
23.7468280820176
24.219987532123923
23.3260145932436
23.500196686945856
24.144146459177136
23.756947798654437
23.534129691310227
24.790439991280437
24.049129921011627
23.39066261611879
24.207986811175942
23.08752824179828
24.03621660079807
24.696750696748495
24.562036865390837
23.453500234521925
23.47996157594025
23.925560851581395
24.172524662688375
24.184688434936106
23.51584267616272
23.61619484052062
23.77454853244126
23.500967411324382
23.327138192020357
23.415932884439826
23.292862349189818
23.483220417052507
23.581075319088995
23.545915494672954
23.221169715747237
28.87488437909633
47.18308911379427
23.411209902726114
23.272757151164114
23.104928421787918
23.31127328146249
